-3.1415184298 -0.815081374481
-3.1243601998 -0.828045295691
-3.10671339139 -0.840858364685
-3.0885570896 -0.853512207861
-3.06986986071 -0.865997965823
-3.05062981813 -0.878306269705
-3.03081470658 -0.890427217988
-3.01040200718 -0.90235035428
-2.98936906634 -0.914064646571
-2.96769325155 -0.925558468641
-2.9453521372 -0.936819584347
-2.92232372348 -0.947835135712
-2.89858669138 -0.958591635814
-2.87412069642 -0.969074967631
-2.84890670314 -0.979270390145
-2.82292736162 -0.989162553096
-2.79616742614 -0.998735521909
-2.76861421454 -1.00797281436
-2.74025810484 -1.01685745062
-2.71109306362 -1.02537201815
-2.6811171975 -1.03349875297
-2.65033331636 -1.04121963844
-2.6187494933 -1.04851652239
-2.58637960332 -1.05537125303
-2.55324381919 -1.06176583323
-2.5193690405 -1.06768259236
-2.48478922999 -1.07310437359
-2.4495456308 -1.07801473391
-2.41368683905 -1.08239815293
-2.3772687094 -1.08624024574
-2.34035407608 -1.089527974
-2.30301227885 -1.09224984905
-2.26531849239 -1.09439612015
-2.2273528675 -1.09595894137
-2.18919950332 -1.09693251041
-2.15094527996 -1.09731317406
-2.1126785899 -1.09709949578
-2.0744880135 -1.0962922825
-2.03646098734 -1.09489456958
-1.99868251521 -1.09291156442
-1.96123396804 -1.09035055131
-1.92419201351 -1.08722076139
-1.88762770732 -1.08353321314
-1.85160576845 -1.07930052938
-1.81618404957 -1.07453673768
-1.78141320397 -1.06925706085
-1.74733654076 -1.06347770397
-1.7139900526 -1.05721564395
-1.68140259478 -1.05048842653
-1.64959619074 -1.04331397516
-1.61858643773 -1.03571041453
-1.58838298641 -1.02769591125
-1.55899006982 -1.01928853268
-1.53040705932 -1.01050612456
-1.50262902855 -1.00136620716
-1.47564730949 -0.991885889145
-1.44945002835 -0.98208179826
-1.42402261177 -0.971970027241
-1.39934825711 -0.961566093558
-1.37540836273 -0.950884911353
-1.35218291647 -0.939940773977
-1.32965084178 -0.928747345608
-1.30779030281 -0.917317660496
-1.28657896998 -0.905664128529
-1.2659942488 -0.8937985459
-1.24601347462 -0.881732109845
-1.22661407658 -0.869475436511
-1.20777371372 -0.857038581168
-1.1894703865 -0.844431060068
-1.1716825265 -0.831661873413
-1.15438906728 -0.818739528923
-1.13756949873 -0.805672065655
-1.12120390742 -0.792467077725
-1.10527300493 -0.779131737717
-1.08975814606 -0.765672819566
-1.07464133853 -0.75209672078
-1.05990524568 -0.738409483888
-1.04553318338 -0.724616817046
-1.03150911223 -0.710724113743
-1.01781762593 -0.696736471593
-1.00444393682 -0.682658710185
-0.991373858968 -0.668495388018
-0.978593789607 -0.654250818508
-0.966090689328 -0.639929085114
-0.953852061389 -0.625534055593
-0.941865930521 -0.61106939543
-0.930120821483 -0.596538580467
-0.91860573759 -0.581944908775
-0.907310139387 -0.567291511805
-0.896223923625 -0.552581364858
-0.885337402628 -0.537817296906
-0.87464128416 -0.523001999816
-0.864126651837 -0.508138036993
-0.853784946144 -0.493227851493
-0.843607946077 -0.478273773637
-0.833587751432 -0.463278028147
-0.823716765758 -0.448242740858
-0.813987679958 -0.433169945005
-0.804393456545 -0.418061587138
-0.794927314538 -0.402919532685
-0.78558271498 -0.38774557117
-0.776353347062 -0.372541421141
-0.767233114828 -0.357308734798
-0.758216124444 -0.342049102362
-0.749296671998 -0.326764056202
-0.740469231817 -0.311455074719
-0.731728445265 -0.29612358604
-0.723069110001 -0.280770971497
-0.714486169668 -0.265398568937
-0.705974703997 -0.250007675862
-0.697529919285 -0.234599552414
-0.689147139231 -0.219175424224
-0.680821796111 -0.203736485126
-0.672549422253 -0.188283899755
-0.664325641805 -0.172818806039
-0.656146162756 -0.157342317587
-0.648006769204 -0.141855525995
-0.639903313839 -0.126359503067
-0.631831710621 -0.110855302969
-0.623787927635 -0.09534396431
-0.615767980104 -0.0798265121825
-0.607767923527 -0.0643039601395
-0.599783846947 -0.0487773121399
-0.591811866302 -0.0332475644561
-0.583848117859 -0.0177157075555
-0.575888751709 -0.00218272796092
-0.567929925295 0.0133503899022
-0.559967796964 0.0288826618668
-0.551998519526 0.0444131021856
-0.54401823379 0.059940721687
-0.536023062066 0.0754645259191
-0.528009101623 0.0909835132748
-0.519972418066 0.106496673092
-0.511909038621 0.12200298372
-0.503814945323 0.137501410551
-0.495686068057 0.152990904
-0.487518277464 0.168470397434
-0.479307377671 0.183938805041
-0.471049098828 0.199395019627
-0.462739089439 0.214837910337
-0.454372908458 0.230266320289
-0.445946017128 0.245679064112
-0.437453770542 0.261074925381
-0.428891408901 0.276452653934
-0.420254048452 0.291810963064
-0.411536672067 0.307148526574
-0.402734119458 0.322463975678
-0.393841076979 0.337755895746
-0.384852067011 0.353022822869
-0.375761436895 0.368263240229
-0.366563347383 0.38347557427
-0.357251760585 0.398658190641
-0.347820427393 0.413809389897
-0.338262874344 0.428927402944
-0.328572389914 0.444010386203
-0.318742010202 0.459056416467
-0.308764504008 0.474063485445
-0.298632357266 0.489029493946
-0.288337756833 0.503952245698
-0.277872573625 0.518829440759
-0.267228345087 0.533658668505
-0.256396257023 0.548437400151
-0.245367124778 0.563162980783
-0.234131373824 0.577832620867
-0.222679019767 0.592443387191
-0.210999647853 0.606992193218
-0.199082392041 0.621475788801
-0.18691591375 0.635890749226
-0.174488380409 0.650233463549
-0.161787443988 0.664500122179
-0.148800219704 0.678686703683
-0.135513265167 0.692788960761
-0.121912560278 0.706802405373
-0.107983488261 0.720722292975
-0.0937108182734 0.734543605855
-0.0790786901479 0.748261035532
-0.0640706019102 0.761868964239
-0.0486694008267 0.775361445459
-0.0328572788794 0.788732183582
-0.0166157737057 0.801974512677
7.42237932503e-05 0.815081374481
0.0172324537862 0.828045295691
0.0348792622041 0.840858364685
0.0530355639898 0.853512207861
0.0717227928795 0.865997965823
0.0909628354593 0.878306269705
0.110777947007 0.890427217988
0.131190646409 0.90235035428
0.152223587253 0.914064646571
0.173899402041 0.925558468641
0.196240516391 0.936819584347
0.219268930113 0.947835135712
0.243005962213 0.958591635814
0.267471957173 0.969074967631
0.292685950455 0.979270390145
0.318665291972 0.989162553096
0.345425227445 0.998735521909
0.372978439051 1.00797281436
0.401334548752 1.01685745062
0.430499589972 1.02537201815
0.460475456086 1.03349875297
0.491259337231 1.04121963844
0.522843160293 1.04851652239
0.555213050271 1.05537125303
0.588348834398 1.06176583323
0.622223613092 1.06768259236
0.656803423598 1.07310437359
0.692047022789 1.07801473391
0.727905814544 1.08239815293
0.764323944191 1.08624024574
0.80123857751 1.089527974
0.838580374737 1.09224984905
0.876274161199 1.09439612015
0.91423978609 1.09595894137
0.952393150267 1.09693251041
0.990647373632 1.09731317406
1.02891406368 1.09709949578
1.06710464009 1.0962922825
1.10513166625 1.09489456958
1.14291013838 1.09291156442
1.18035868555 1.09035055131
1.21740064008 1.08722076139
1.25396494627 1.08353321314
1.28998688514 1.07930052938
1.32540860402 1.07453673768
1.36017944962 1.06925706085
1.39425611283 1.06347770397
1.42760260099 1.05721564395
1.46019005881 1.05048842653
1.49199646285 1.04331397516
1.52300621586 1.03571041453
1.55320966718 1.02769591125
1.58260258377 1.01928853268
1.61118559427 1.01050612456
1.63896362504 1.00136620716
1.6659453441 0.991885889145
1.69214262524 0.98208179826
1.71757004182 0.971970027241
1.74224439648 0.961566093558
1.76618429086 0.950884911353
1.78940973712 0.939940773977
1.81194181181 0.928747345608
1.83380235078 0.917317660496
1.85501368361 0.905664128529
1.87559840479 0.8937985459
1.89557917897 0.881732109845
1.91497857701 0.869475436511
1.93381893987 0.857038581168
1.95212226709 0.844431060068
1.96991012709 0.831661873413
1.98720358631 0.818739528923
2.00402315486 0.805672065655
2.02038874617 0.792467077725
2.03631964866 0.779131737717
2.05183450753 0.765672819566
2.06695131506 0.75209672078
2.08168740791 0.738409483888
2.09605947021 0.724616817046
2.11008354136 0.710724113743
2.12377502766 0.696736471593
2.13714871677 0.682658710185
2.15021879462 0.668495388018
2.16299886398 0.654250818508
2.17550196426 0.639929085114
2.1877405922 0.625534055593
2.19972672307 0.61106939543
2.21147183211 0.596538580467
2.222986916 0.581944908775
2.2342825142 0.567291511805
2.24536872996 0.552581364858
2.25625525096 0.537817296906
2.26695136943 0.523001999816
2.27746600175 0.508138036993
2.28780770745 0.493227851493
2.29798470751 0.478273773637
2.30800490216 0.463278028147
2.31787588783 0.448242740858
2.32760497363 0.433169945005
2.33719919705 0.418061587138
2.34666533905 0.402919532685
2.35600993861 0.38774557117
2.36523930653 0.372541421141
2.37435953876 0.357308734798
2.38337652915 0.342049102362
2.39229598159 0.326764056202
2.40112342177 0.311455074719
2.40986420832 0.29612358604
2.41852354359 0.280770971497
2.42710648392 0.265398568937
2.43561794959 0.250007675862
2.44406273431 0.234599552414
2.45244551436 0.219175424224
2.46077085748 0.203736485126
2.46904323134 0.188283899755
2.47726701178 0.172818806039
2.48544649083 0.157342317587
2.49358588439 0.141855525995
2.50168933975 0.126359503067
2.50976094297 0.110855302969
2.51780472595 0.09534396431
2.52582467349 0.0798265121825
2.53382473006 0.0643039601395
2.54180880664 0.0487773121399
2.54978078729 0.0332475644561
2.55774453573 0.0177157075555
2.56570390188 0.00218272796092
2.5736627283 -0.0133503899022
2.58162485663 -0.0288826618668
2.58959413406 -0.0444131021856
2.5975744198 -0.059940721687
2.60556959152 -0.0754645259191
2.61358355197 -0.0909835132748
2.62162023552 -0.106496673092
2.62968361497 -0.12200298372
2.63777770827 -0.137501410551
2.64590658553 -0.152990904
2.65407437613 -0.168470397434
2.66228527592 -0.183938805041
2.67054355476 -0.199395019627
2.67885356415 -0.214837910337
2.68721974513 -0.230266320289
2.69564663646 -0.245679064112
2.70413888305 -0.261074925381
2.71270124469 -0.276452653934
2.72133860514 -0.291810963064
2.73005598152 -0.307148526574
2.73885853413 -0.322463975678
2.74775157661 -0.337755895746
2.75674058658 -0.353022822869
2.76583121669 -0.368263240229
2.77502930621 -0.38347557427
2.784340893 -0.398658190641
2.7937722262 -0.413809389897
2.80332977925 -0.428927402944
2.81302026368 -0.444010386203
2.82285064339 -0.459056416467
2.83282814958 -0.474063485445
2.84296029632 -0.489029493946
2.85325489676 -0.503952245698
2.86372007996 -0.518829440759
2.8743643085 -0.533658668505
2.88519639657 -0.548437400151
2.89622552881 -0.563162980783
2.90746127977 -0.577832620867
2.91891363382 -0.592443387191
2.93059300574 -0.606992193218
2.94251026155 -0.621475788801
2.95467673984 -0.635890749226
2.96710427318 -0.650233463549
2.9798052096 -0.664500122179
2.99279243389 -0.678686703683
3.00607938842 -0.692788960761
3.01968009331 -0.706802405373
3.03360916533 -0.720722292975
3.04788183532 -0.734543605855
3.06251396344 -0.748261035532
3.07752205168 -0.761868964239
3.09292325276 -0.775361445459
3.10873537471 -0.788732183582
3.12497687988 -0.801974512677
