-3.10546548089 -1.08324475119
-3.06948516332 -1.07897310711
-3.03410897974 -1.07417142023
-2.99938705411 -1.06885499167
-2.96536216265 -1.06304008944
-2.93206977332 -1.05674373833
-2.89953823487 -1.04998351773
-2.86778909056 -1.04277737138
-2.83683749003 -1.03514343216
-2.80669267328 -1.02709986399
-2.77735850229 -1.01866472208
-2.74883401814 -1.00985583187
-2.72111400494 -1.00069068647
-2.69418954475 -0.991186361866
-2.66804855162 -0.981359448683
-2.64267627534 -0.971225999183
-2.61805576901 -0.960801487937
-2.59416831628 -0.950100784584
-2.57099381673 -0.939138137082
-2.54851112907 -0.927927163917
-2.5266983732 -0.916480853857
-2.5055331931 -0.90481157192
-2.48499298304 -0.892931070372
-2.46505508001 -0.880850503724
-2.44569692554 -0.86858044679
-2.42689619994 -0.856130915041
-2.40863093212 -0.843511386568
-2.39087958786 -0.830730825098
-2.37362113938 -0.817797703603
-2.35683511858 -0.804720028112
-2.34050165651 -0.791505361425
-2.32460151083 -0.778160846485
-2.30911608339 -0.764693229222
-2.29402742941 -0.751108880719
-2.27931825966 -0.7374138186
-2.26497193703 -0.723613727575
-2.25097246839 -0.709713979082
-2.23730449281 -0.695719650004
-2.22395326678 -0.681635540461
-2.21090464725 -0.667466190669
-2.19814507297 -0.653215896889
-2.18566154452 -0.638888726486
-2.17344160367 -0.624488532124
-2.16147331207 -0.610018965134
-2.14974522989 -0.595483488091
-2.13824639427 -0.58088538663
-2.12696629805 -0.566227780545
-2.11589486878 -0.551513634216
-2.1050224481 -0.53674576638
-2.09433977165 -0.521926859315
-2.08383794953 -0.507059467441
-2.07350844735 -0.492146025397
-2.06334306794 -0.477188855621
-2.05333393366 -0.462190175451
-2.04347346942 -0.447152103807
-2.03375438632 -0.43207666745
-2.02416966595 -0.416965806872
-2.01471254534 -0.40182138183
-2.00537650253 -0.386645176546
-1.9961552427 -0.371438904608
-1.98704268497 -0.356204213582
-1.97803294966 -0.340942689365
-1.96912034615 -0.325655860285
-1.96029936125 -0.310345200984
-1.951564648 -0.295012136081
-1.94291101496 -0.279658043649
-1.93433341598 -0.264284258511
-1.92582694027 -0.248892075362
-1.91738680293 -0.233482751751
-1.90900833581 -0.218057510916
-1.90068697873 -0.20261754449
-1.89241827094 -0.18716401509
-1.88419784292 -0.171698058804
-1.87602140844 -0.156220787569
-1.86788475681 -0.140733291475
-1.8597837454 -0.125236640976
-1.85171429233 -0.10973188904
-1.84367236933 -0.0942200732325
-1.83565399478 -0.078702217742
-1.82765522683 -0.063179335362
-1.81967215668 -0.0476524294308
-1.81170090198 -0.0321224957374
-1.80373760021 -0.0165905244012
-1.7957784022 -0.0010575017313
-1.78781946569 0.0144755879275
-1.77985694884 0.0300077603555
-1.7718870038 0.0455380296194
-1.76390577026 0.0610654062275
-1.75590936894 0.076588895273
-1.74789389504 0.0921074945569
-1.7398554116 0.107620192686
-1.73178994282 0.123125967139
-1.72369346718 0.138623782291
-1.71556191052 0.154112587391
-1.70739113891 0.169591314491
-1.69917695136 0.185058876304
-1.69091507238 0.200514164
-1.68260114425 0.215956044918
-1.67423071912 0.231383360197
-1.66579925084 0.246794922305
-1.65730208647 0.262189512463
-1.64873445753 0.277565877958
-1.64009147095 0.292922729324
-1.63136809955 0.308258737384
-1.62255917228 0.323572530142
-1.61365936398 0.338862689517
-1.60466318473 0.354127747891
-1.59556496874 0.369366184467
-1.5863588628 0.384576421425
-1.57703881414 0.399756819844
-1.56759855784 0.414905675392
-1.55803160367 0.430021213744
-1.54833122231 0.44510158573
-1.538490431 0.460144862167
-1.52850197859 0.475149028378
-1.51835832989 0.490111978352
-1.50805164945 0.505031508534
-1.49757378462 0.519905311206
-1.486916248 0.53473096744
-1.4760701992 0.549505939587
-1.46502642596 0.564227563276
-1.45377532477 0.578893038873
-1.44230688073 0.593499422393
-1.43061064712 0.6080436158
-1.41867572437 0.622522356677
-1.40649073885 0.636932207221
-1.39404382136 0.651269542523
-1.3813225857 0.665530538101
-1.3683141074 0.67971115664
-1.35500490287 0.693807133911
-1.34138090941 0.707813963833
-1.32742746633 0.721726882647
-1.31312929768 0.735540852177
-1.29847049718 0.749250542174
-1.28343451597 0.762850311717
-1.26800415394 0.7763341897
-1.25216155557 0.789695854406
-1.2358882113 0.802928612232
-1.21916496568 0.816025375623
-1.20197203369 0.82897864031
-1.18428902679 0.841780462003
-1.1660949906 0.854422432711
-1.14736845615 0.866895656923
-1.1280875071 0.879190727957
-1.10822986526 0.891297704832
-1.08777299736 0.903206090133
-1.06669424576 0.914904809401
-1.04497098632 0.92638219272
-1.02258081651 0.93762595925
-0.999501776799 0.948623205628
-0.975712608442 0.959360399246
-0.95119305004 0.96982337758
-0.925924175076 0.979997354871
-0.899888771496 0.98986693756
-0.873071763379 0.999416150017
-0.845460673123 1.00862847213
-0.817046120636 1.01748689033
-0.787822353656 1.02597396371
-0.757787800533 1.03407190645
-0.726945633731 1.04176268792
-0.695304328936 1.0490281512
-0.662878201361 1.05585015028
-0.629687897606 1.06221070574
-0.595760818889 1.06809217769
-0.561131449652 1.07347745415
-0.525841565118 1.07835015186
-0.489940292522 1.08269482553
-0.453484003807 1.08649718075
-0.416536022755 1.08974428476
-0.379166136676 1.09242476866
-0.341449911732 1.09452901444
-0.303467821146 1.09604931988
-0.26530420619 1.09698003526
-0.227046100088 1.09731766615
-0.188781953817 1.09706093813
-0.150600309368 1.09621082058
-0.112588469607 1.09477050856
-0.0748312141337 1.09274536357
-0.0374096073569 1.09014281568
-0.000399938833685 1.08697223119
0.0361271727012 1.08324475119
0.0721074902673 1.07897310711
0.107483673848 1.07417142023
0.142205599475 1.06885499167
0.176230490935 1.06304008944
0.209522880274 1.05674373833
0.242054418723 1.04998351773
0.273803563031 1.04277737138
0.304755163564 1.03514343216
0.334899980311 1.02709986399
0.364234151304 1.01866472208
0.392758635445 1.00985583187
0.42047864865 1.00069068647
0.447403108836 0.991186361866
0.473544101973 0.981359448683
0.498916378245 0.971225999183
0.523536884575 0.960801487937
0.547424337307 0.950100784584
0.570598836858 0.939138137082
0.59308152452 0.927927163917
0.614894280389 0.916480853857
0.636059460487 0.90481157192
0.656599670552 0.892931070372
0.676537573583 0.880850503724
0.695895728053 0.86858044679
0.71469645365 0.856130915041
0.732961721472 0.843511386568
0.750713065728 0.830730825098
0.767971514214 0.817797703603
0.784757535008 0.804720028112
0.801090997081 0.791505361425
0.816991142762 0.778160846485
0.832476570197 0.764693229222
0.84756522418 0.751108880719
0.862274393929 0.7374138186
0.87662071656 0.723613727575
0.890620185198 0.709713979082
0.904288160783 0.695719650004
0.917639386815 0.681635540461
0.930688006336 0.667466190669
0.94344758062 0.653215896889
0.955931109066 0.638888726486
0.968151049923 0.624488532124
0.980119341516 0.610018965134
0.9918474237 0.595483488091
1.00334625932 0.58088538663
1.01462635554 0.566227780545
1.02569778481 0.551513634216
1.03657020549 0.53674576638
1.04725288194 0.521926859315
1.05775470406 0.507059467441
1.06808420624 0.492146025397
1.07824958565 0.477188855621
1.08825871993 0.462190175451
1.09811918417 0.447152103807
1.10783826727 0.43207666745
1.11742298764 0.416965806872
1.12688010825 0.40182138183
1.13621615106 0.386645176546
1.14543741089 0.371438904608
1.15454996862 0.356204213582
1.16355970393 0.340942689365
1.17247230744 0.325655860285
1.18129329234 0.310345200984
1.19002800559 0.295012136081
1.19868163863 0.279658043649
1.20725923761 0.264284258511
1.21576571332 0.248892075362
1.22420585066 0.233482751751
1.23258431778 0.218057510916
1.24090567486 0.20261754449
1.24917438265 0.18716401509
1.25739481067 0.171698058804
1.26557124515 0.156220787569
1.27370789678 0.140733291475
1.28180890819 0.125236640976
1.28987836126 0.10973188904
1.29792028426 0.0942200732325
1.30593865881 0.078702217742
1.31393742676 0.063179335362
1.32192049691 0.0476524294308
1.32989175161 0.0321224957374
1.33785505338 0.0165905244012
1.34581425139 0.0010575017313
1.3537731879 -0.0144755879275
1.36173570475 -0.0300077603555
1.36970564979 -0.0455380296194
1.37768688333 -0.0610654062275
1.38568328465 -0.076588895273
1.39369875855 -0.0921074945569
1.40173724199 -0.107620192686
1.40980271077 -0.123125967139
1.41789918641 -0.138623782291
1.42603074307 -0.154112587391
1.43420151468 -0.169591314491
1.44241570223 -0.185058876304
1.45067758121 -0.200514164
1.45899150934 -0.215956044918
1.46736193447 -0.231383360197
1.47579340275 -0.246794922305
1.48429056712 -0.262189512463
1.49285819606 -0.277565877958
1.50150118264 -0.292922729324
1.51022455404 -0.308258737384
1.51903348131 -0.323572530142
1.52793328961 -0.338862689517
1.53692946886 -0.354127747891
1.54602768485 -0.369366184467
1.55523379079 -0.384576421425
1.56455383945 -0.399756819844
1.57399409575 -0.414905675392
1.58356104992 -0.430021213744
1.59326143128 -0.44510158573
1.60310222259 -0.460144862167
1.613090675 -0.475149028378
1.6232343237 -0.490111978352
1.63354100414 -0.505031508534
1.64401886897 -0.519905311206
1.65467640559 -0.53473096744
1.66552245439 -0.549505939587
1.67656622762 -0.564227563276
1.68781732882 -0.578893038873
1.69928577286 -0.593499422393
1.71098200647 -0.6080436158
1.72291692922 -0.622522356677
1.73510191474 -0.636932207221
1.74754883223 -0.651269542523
1.76027006789 -0.665530538101
1.77327854619 -0.67971115664
1.78658775072 -0.693807133911
1.80021174418 -0.707813963833
1.81416518726 -0.721726882647
1.82846335591 -0.735540852177
1.84312215641 -0.749250542174
1.85815813762 -0.762850311717
1.87358849965 -0.7763341897
1.88943109802 -0.789695854406
1.90570444229 -0.802928612232
1.92242768791 -0.816025375623
1.9396206199 -0.82897864031
1.9573036268 -0.841780462003
1.97549766299 -0.854422432711
1.99422419744 -0.866895656923
2.01350514649 -0.879190727957
2.03336278833 -0.891297704832
2.05381965623 -0.903206090133
2.07489840783 -0.914904809401
2.09662166727 -0.92638219272
2.11901183708 -0.93762595925
2.14209087679 -0.948623205628
2.16588004515 -0.959360399246
2.19039960355 -0.96982337758
2.21566847851 -0.979997354871
2.24170388209 -0.98986693756
2.26852089021 -0.999416150017
2.29613198047 -1.00862847213
2.32454653295 -1.01748689033
2.35377029993 -1.02597396371
2.38380485306 -1.03407190645
2.41464701986 -1.04176268792
2.44628832465 -1.0490281512
2.47871445223 -1.05585015028
2.51190475598 -1.06221070574
2.5458318347 -1.06809217769
2.58046120394 -1.07347745415
2.61575108847 -1.07835015186
2.65165236107 -1.08269482553
2.68810864978 -1.08649718075
2.72505663083 -1.08974428476
2.76242651691 -1.09242476866
2.80014274186 -1.09452901444
2.83812483244 -1.09604931988
2.8762884474 -1.09698003526
2.9145465535 -1.09731766615
2.95281069977 -1.09706093813
2.99099234422 -1.09621082058
3.02900418398 -1.09477050856
3.06676143946 -1.09274536357
3.10418304623 -1.09014281568
3.14119271476 -1.08697223119
